# id	length	x	y	z	rot_z	rot_y	rot_x
116 0.22    0   4   0   0   0   0
123 0.22    1   4   0   0   0   0
111 0.22    2   4   0   0   0   0
140 0.22    3   4   0   0   0   0
139 0.22    4   4   0   0   0   0
148 0.22    5   4   0   0   0   0
156 0.22    6   4   0   0   0   0
159 0.22    7   4   0   0   0   0
110 0.22    0   1   0   0   0   0
130 0.22    1   1   0   0   0   0
112 0.22    2   1   0   0   0   0
108 0.22    3   1   0   0   0   0
144 0.22    4   1   0   0   0   0
157 0.22    5   1   0   0   0   0
158 0.22    6   1   0   0   0   0
125 0.22    7   1   0   0   0   0
121 0.22    0   2   0   0   0   0
129 0.22    1   2   0   0   0   0
122 0.22    2   2   0   0   0   0
109 0.22    3   2   0   0   0   0
145 0.22    4   2   0   0   0   0
146 0.22    5   2   0   0   0   0
127 0.22    6   2   0   0   0   0
126 0.22    7   2   0   0   0   0
124 0.22    1   3   0   0   0   0
132 0.22    2   3   0   0   0   0
133 0.22    3   3   0   0   0   0
138 0.22    4   3   0   0   0   0
137 0.22    5   3   0   0   0   0
160 0.22    6   3   0   0   0   0
155 0.22    7   3   0   0   0   0
115 0.22    0   0   0 	0   0	  0
119 0.22    1	  0   0	  0   0	  0
120 0.22    2	  0   0  	0   0	  0
134 0.22    3	  0   0	  0   0	  0
143 0.22    4   0   0   0   0   0
142 0.22    5   0   0   0   0   0
147 0.22    6   0   0   0   0   0
128 0.22    7   0   0   0   0   0
131 0.22    0   3   0   0   0   0
